
   -56   -17    96   -83    -4    98   -61    83    12    57   -40   -21   -41    79     0     0     0     0     0     0

    91    53    49    58    90  -100    47    44   -20    35   -90   -78   -15   -67     0     0     0     0     0     0
   -11    94     2   -60    31    28    41   -67    95    29   -89    70    -2   -63     0     0     0     0     0     0
    12   -71    15    34   100   -53   -79   -54    85    28   -20   -51    36    20     0     0     0     0     0     0
    27    91     2   -49     7   -83    67   -65   -23   -33    69    32    41   -66     0     0     0     0     0     0
    86    88    88    76    97    55    59    56    71    99    87    66    93    57     1     0     0     0     0     0
    85    37   -10   -84    33   -32    51   -82   -60    -6    39    98   -43    28     0     1     0     0     0     0
   -94    76    88   -66    35     7   -44    20    87    84    40   -63    36    65     0     0     1     0     0     0
   -76    37   -38    96    20   -26    71    93   -39    38    16    -3   -41   -67     0     0     0    -1     0     0
    54    -4    96   100   -18    -1   -48   -43   -87    15    87   -56    54   -97     0     0     0     0     1     0
   -29     7    50     9    81     6   -84    89    13   -41   -90   -58    68    77     0     0     0     0     0     1

          97          98           2          17        1079          55         272          80          53          99